# Time - Plot 0,t^2 - Plot 0
9998200000.0000000 0.9556060
9998800000.0000000 1.0104500
9999400000.0000000 1.0069300
10000000000.0000000 0.9929680
10000600000.0000000 1.0298200
10001200000.0000000 0.9980280
10001800000.0000000 1.0014900
10002400000.0000000 0.9517600
10003000000.0000000 1.0138500
10003600000.0000000 1.0417100
10004200000.0000000 0.9896280
10004800000.0000000 0.9784670
10005400000.0000000 1.0040500
10006000000.0000000 1.0251600
10006600000.0000000 1.0135000
10007200000.0000000 1.0441700
10007800000.0000000 0.9964880
10008400000.0000000 1.0380700
10009000000.0000000 1.0331800
10009600000.0000000 0.9841860
10010200000.0000000 1.0337200
10010800000.0000000 0.9799220
10011400000.0000000 1.0367600
10012000000.0000000 1.0081100
10012600000.0000000 1.0145600
10013200000.0000000 1.0050100
10013800000.0000000 1.0073200
10014400000.0000000 0.9241520
10015000000.0000000 1.0406400
10015600000.0000000 1.0221500
10016200000.0000000 0.9957090
10016800000.0000000 0.9878390
10017400000.0000000 1.0056300
10018000000.0000000 1.0265800
10018600000.0000000 0.9865720
10019200000.0000000 1.0320400
10019800000.0000000 0.9966900
10020400000.0000000 1.0389500
10021000000.0000000 1.0022700
10021600000.0000000 1.0099000
10022200000.0000000 0.9883460
10022800000.0000000 1.0281100
10023400000.0000000 1.0190100
10024000000.0000000 1.0543200
10024600000.0000000 1.0208300
10025200000.0000000 0.9671960
10025800000.0000000 1.0120400
10026400000.0000000 0.9840300
10027000000.0000000 1.0679000
10027600000.0000000 0.9971760
10028200000.0000000 0.9974020
10028800000.0000000 1.0296000
10029400000.0000000 1.0226800
10030000000.0000000 1.0454900
10030600000.0000000 1.0026700
10031200000.0000000 0.9847870
10031800000.0000000 1.0022600
10032400000.0000000 1.0516700
10033000000.0000000 1.0007200
10033600000.0000000 1.0403800
10034200000.0000000 1.0180500
10034800000.0000000 1.0046200
10035400000.0000000 1.0099900
10036000000.0000000 0.9980570
10036600000.0000000 0.9684740
10037200000.0000000 0.9635920
10037800000.0000000 0.9811850
10038400000.0000000 1.0032600
10039000000.0000000 1.0025800
10039600000.0000000 0.9709500
10040200000.0000000 0.9996910
10040800000.0000000 0.9548950
10041400000.0000000 0.9445970
10042000000.0000000 0.9166410
10042600000.0000000 0.9008490
10043200000.0000000 0.9069130
10043800000.0000000 0.8744790
10044400000.0000000 0.8930650
10045000000.0000000 0.8473380
10045600000.0000000 0.8338220
10046200000.0000000 0.8343040
10046800000.0000000 0.8869060
10047400000.0000000 0.8988880
10048000000.0000000 0.9019390
10048600000.0000000 0.9303020
10049200000.0000000 0.9095470
10049800000.0000000 0.9623170
10050400000.0000000 0.9604520
10051000000.0000000 0.9752660
10051600000.0000000 0.9645200
10052200000.0000000 0.9677190
10052800000.0000000 0.9671510
10053400000.0000000 0.9669890
10054000000.0000000 1.0204100
10054600000.0000000 0.9601430
10055200000.0000000 1.0341700
10055800000.0000000 0.9719640
10056400000.0000000 1.0059000
10057000000.0000000 1.0074900
10057600000.0000000 0.9450770
10058200000.0000000 0.9760590
10058800000.0000000 0.9559950
10059400000.0000000 0.9867540
10060000000.0000000 1.0036300
10060600000.0000000 1.0401700
10061200000.0000000 0.9985630
10061800000.0000000 0.9929600
10062400000.0000000 0.9818300
10063000000.0000000 0.9998510
10063600000.0000000 1.0127000
10064200000.0000000 1.0048800
10064800000.0000000 1.0021900
10065400000.0000000 0.9800120
10066000000.0000000 0.9726470
10066600000.0000000 0.9513510
10067200000.0000000 1.0411100
10067800000.0000000 0.9926700
10068400000.0000000 0.9526290
10069000000.0000000 1.0075700
10069600000.0000000 0.9742190
10070200000.0000000 1.0262100
10070800000.0000000 0.9766430
10071400000.0000000 1.0252800
10072000000.0000000 0.9973410
10072600000.0000000 1.0306700
10073200000.0000000 1.0318000
10073800000.0000000 1.0305500
10074400000.0000000 1.0443500
10075000000.0000000 1.0169600
10075600000.0000000 0.9722200
10076200000.0000000 0.9803980
10076800000.0000000 1.0528100
10077400000.0000000 0.9673870
10078000000.0000000 1.0034500
10078600000.0000000 1.0095200
10079200000.0000000 0.9959250
10079800000.0000000 1.0129100
10080400000.0000000 1.0164700
10081000000.0000000 1.0357700
10081600000.0000000 0.9710600
10082200000.0000000 1.0190800
10082800000.0000000 0.9826890
10083400000.0000000 1.0292800
10084000000.0000000 1.0143100
10084600000.0000000 0.9900350
10085200000.0000000 0.9883520
10085800000.0000000 0.9797260
10086400000.0000000 0.9946620
10087000000.0000000 1.0109300
10087600000.0000000 1.0185400
10088200000.0000000 0.9841960
10088800000.0000000 1.0128200
10089400000.0000000 0.9777700
10090000000.0000000 1.0314300
10090600000.0000000 0.9918790
10091200000.0000000 0.9729780
10091800000.0000000 1.0302200
10092400000.0000000 1.0181500
10093000000.0000000 0.9808760
10093600000.0000000 0.9993600
10094200000.0000000 0.9860170
10094800000.0000000 0.9936330
10095400000.0000000 1.0411300
10096000000.0000000 1.0163800
10096600000.0000000 0.9791080
10097200000.0000000 1.0710000
# phase spin 1.6
